00000000 00000000 00000000 00000000 
00000000 00000000 00000000 00000000 
00000000 00000000 00000000 00000000 
00000000 00000000 10110100 00000000 
00000000 00000000 01100100 10000000 
11011000 00000000 11000011 10001100 
01101000 00000000 00000000 00000000 
00000000 00000000 00000000 00000000 
00000000 00000000 00000000 00000000 
00000000 00000000 00000000 00000000 
00000000 00000000 10100000 00000000 
00000000 00000011 00000000 00000000 
00000000 00000000 00000000 00000000 
00000000 00000000 00000000 00000000 
00000000 00000000 00000000 00000000 
00000000 00000000 00000000 00000000 
00000000 00000000 00000000 00000000 
00000000 00000000 00000000 00000000 
00000000 00000000 00000000 00000000 
00000000 00000000 00000000 00000000 
00000000 00000000 00000000 00000000 
00000000 00000000 00000000 00000000 
00000000 00000000 00000000 00000000 
00000000 00000000 00000000 00000000 
00000000 00000000 00000000 00000000 
00000000 00000000 00000000 00000000 
00000000 00000000 00000000 00000000 
00000000 00000000 00000000 00000000 
00000000 00000000 00000000 00000000 
00000000 00000000 00000000 00000000 
00000000 00000000 00000000 00000000 
00000000 00000000 00000000 00000000 
00000000 00000000 00000000 00000000 
00000000 00000000 00000000 00000000 
00000000 00000000 00000000 00000000 
00000000 00000000 00000000 00000000 
00000000 00000000 00000000 00000000 
00000000 00000000 00000000 00000000 
00000000 00000000 00000000 00000000 
00000000 00000000 00000000 00000000 
00000000 00000000 00000000 00000000 
00000000 00000000 00000000 00000000 
00000000 00000000 00000000 00000000 
00000000 00000000 00000000 00000000 
00000000 00000000 00000000 00000000 
00000000 00000000 00000000 00000000 
00000000 00000000 00000000 00000000 
00000000 00000000 00000000 00000000 
00000000 00000000 00000000 00000000 
00000000 00000000 00000000 00000000 
00000000 00000000 00000000 00000000 
00000000 00000000 00000000 00000000 
00000000 00000000 00000000 00000000 
00000000 00000000 00000000 00000000 
00000000 00000000 00000000 00000000 
00000000 00000000 00000000 00000000 
00000000 00000000 00000000 00000000 
00000000 00000000 00000000 00000000 
00000000 00000000 00000000 00000000 
00000000 00000000 00000000 00000000 
00000000 00000000 00000000 00000000 
00000000 00000000 00000000 00000000 
00000000 00000000 00000000 00000000 
00000000 00000000 00000000 00000000 
00000000 00000000 00000000 00000000 
00000000 00000000 00000000 00000000 
00000000 00000000 00000000 00000000 
00000000 00000000 00000000 00000000 
00000000 00000000 00000000 00000000 
00000000 00000000 00000000 00000000 
00000000 00000000 00000000 00000000 
00000000 00000000 00000000 00000000 
00000000 00000000 00000000 00000000 
00000000 00000000 00000000 00000000 
00000000 00000000 00000000 00000000 
00000000 00000000 00000000 00000000 
00000000 00000000 00000000 00000000 
00000000 00000000 00000000 00000000 
00000000 00000000 00000000 00000000 
00000000 00000000 00000000 00000000 
00000000 00000000 00000000 00000000 
00000000 00000000 00000000 00000000 
00000000 00000000 00000000 00000000 
00000000 00000000 00000000 00000000 
00000000 00000000 00000000 00000000 
00000000 00000000 00000000 00000000 
00000000 00000000 00000000 00000000 
00000000 00000000 00000000 00000000 
00000000 00000000 00000000 00000000 
00000000 00000000 00000000 00000000 
00000000 00000000 00000000 00000000 
00000000 00000000 00000000 00000000 
00000000 00000000 00000000 00000000 
00000000 00000000 00000000 00000000 
00000000 00000000 00000000 00000000 
00000000 00000000 00000000 00000000 
00000000 00000000 00000000 00000000 
00000000 00000000 00000000 00000000 
00000000 00000000 00000000 00000000 
00000000 00000000 00000000 00000000 
00000000 00000000 00000000 00000000 
00000000 00000000 00000000 00000000 
00000000 00000000 00000000 00000000 
00000000 00000000 00000000 00000000 
00000000 00000000 00000000 00000000 
00000000 00000000 00000000 00000000 
00000000 00000000 00000000 00000000 
00000000 00000000 00000000 00000000 
00000000 00000000 00000000 00000000 
00000000 00000000 00000000 00000000 
00000000 00000000 00000000 00000000 
00000000 00000000 00000000 00000000 
00000000 00000000 00000000 00000000 
00000000 00000000 00000000 00000000 
00000000 00000000 00000000 00000000 
00000000 00000000 00000000 00000000 
00000000 00000000 00000000 00000000 
00000000 00000000 00000000 00000000 
00000000 00000000 00000000 00000000 
00000000 00000000 00000000 00000000 
00000000 00000000 00000000 00000000 
00000000 00000000 00000000 00000000 
00000000 00000000 00000000 00000000 
00000000 00000000 00000000 00000000 
00000000 00000000 00000000 00000000 
00000000 00000000 00000000 00000000 
00000000 00000000 00000000 00000000 
00000000 00000000 00000000 00000000 
